INFERRED CENTROMERE LOCATIONS
====================================================================================================
Method: Largest gap in gene distribution (with 2.0Mb buffer)

   Chromosome  Genes Largest_Gap_Mb Centromere_Start_Mb Centromere_End_Mb Chr_Length_Mb Centromere_Position_%
            1  56530           0.27               32.76             37.03         56.82                  61.4
           10  73506           0.32               25.72             30.04         51.55                  54.1
           11  62159           0.37               21.16             25.53         34.76                  67.1
           12  57070           0.26               17.60             21.86         40.09                  49.2
           13  96977           0.35                5.43              9.79         45.86                  16.6
           14  52905           0.34               35.46             39.79         49.03                  76.7
           15  66110           0.35               34.67             39.02         51.75                  71.2
           16  52819           0.32               10.59             14.91         37.87                  33.7
           17  64369           0.30               22.49             26.79         41.62                  59.2
           18  62805           0.41               28.68             33.09         58.02                  53.2
           19  60907           0.43               22.73             27.16         50.73                  49.2
            2  74832           0.37               19.08             23.45         48.57                  43.8
           20  61104           0.68               12.83             17.51         47.90                  31.7
            3  63180           0.23               20.01             24.23         45.78                  48.3
            4  64825           0.51               26.75             31.26         52.39                  55.4
            5  60822           0.34               12.07             16.42         42.23                  33.7
            6  79135           0.29               28.00             32.29         51.41                  58.6
            7  64789           0.45               26.90             31.35         44.62                  65.3
            8  92900           0.38               23.75             28.13         47.83                  54.2
            9  69004           0.27               23.61             27.89         50.19                  51.3
scaffold_1002      3           0.00                0.00              2.00          0.00                  82.6
 scaffold_101      4           0.02                0.00              2.03          0.04                  54.6
scaffold_1013      3           0.00                0.00              2.00          0.00                  80.8
scaffold_1016      3           0.00                0.00              2.00          0.00                  84.4
scaffold_1017      4           0.00                0.00              2.01          0.01                  79.8
scaffold_1018      3           0.00                0.00              2.00          0.00                  55.1
 scaffold_102     14           0.03                0.00              2.06          0.07                  71.6
scaffold_1025      5           0.00                0.00              2.01          0.01                  85.8
 scaffold_103     18           0.01                0.00              2.05          0.08                  56.5
scaffold_1035      3           0.00                0.00              2.01          0.01                  83.8
scaffold_1038      8           0.00                0.00              2.00          0.00                  92.7
scaffold_1039      3           0.00                0.00              2.00          0.00                  51.2
 scaffold_104      7           0.01                0.00              2.03          0.04                  55.5
scaffold_1042      5           0.00                0.00              2.00          0.00                  86.9
scaffold_1046      3           0.00                0.00              2.00          0.00                  52.6
 scaffold_105     74           0.01                0.00              2.02          0.06                  30.3
scaffold_1050      4           0.00                0.00              2.01          0.01                  84.0
scaffold_1051      4           0.00                0.00              2.00          0.01                  48.3
scaffold_1057     17           0.00                0.00              2.00          0.00                  87.5
scaffold_1058      4           0.00                0.00              2.00          0.00                  85.1
 scaffold_106     21           0.02                0.00              2.13          0.13                  91.0
scaffold_1065      9           0.00                0.00              2.01          0.01                  79.6
 scaffold_107     10           0.02                0.00              2.05          0.10                  39.8
scaffold_1070      3           0.00                0.00              2.00          0.00                  85.8
scaffold_1072      3           0.00                0.00              2.00          0.00                  51.7
scaffold_1074      4           0.00                0.00              2.00          0.00                  41.6
scaffold_1077      5           0.00                0.00              2.01          0.01                  83.1
scaffold_1078      5           0.00                0.00              2.00          0.00                  79.7
 scaffold_108      4           0.01                0.00              2.03          0.04                  67.8
scaffold_1081      5           0.00                0.00              2.00          0.00                  68.1
scaffold_1085      4           0.00                0.00              2.00          0.01                  63.7
 scaffold_110     25           0.01                0.00              2.06          0.06                  86.9
scaffold_1109      4           0.00                0.00              2.00          0.01                  39.2
 scaffold_111     31           0.02                0.00              2.05          0.05                  70.5
scaffold_1115      3           0.00                0.00              2.00          0.00                  85.4
scaffold_1118     26           0.00                0.00              2.00          0.00                  27.2
 scaffold_112     14           0.02                0.00              2.02          0.05                  30.4
scaffold_1131      3           0.00                0.00              2.00          0.00                  52.1
scaffold_1135      3           0.00                0.00              2.00          0.00                  65.7
scaffold_1140      3           0.00                0.00              2.00          0.00                  53.8
scaffold_1142      3           0.00                0.00              2.00          0.00                  63.9
scaffold_1145      4           0.00                0.00              2.01          0.01                  87.6
scaffold_1146      4           0.00                0.00              2.00          0.00                  46.0
 scaffold_115      3           0.02                0.00              2.05          0.05                  78.5
scaffold_1154      3           0.00                0.00              2.00          0.00                  48.6
scaffold_1157      3           0.00                0.00              2.00          0.00                  83.4
 scaffold_116      4           0.02                0.00              2.04          0.05                  72.3
scaffold_1160      5           0.00                0.00              2.00          0.00                  60.5
scaffold_1166      3           0.00                0.00              2.00          0.00                  49.5
 scaffold_117     16           0.02                0.00              2.03          0.08                  30.4
scaffold_1173      4           0.00                0.00              2.00          0.01                  35.2
scaffold_1179      9           0.00                0.00              2.00          0.00                  82.1
 scaffold_118     32           0.01                0.00              2.04          0.05                  68.5
scaffold_1183      3           0.00                0.00              2.00          0.00                  48.9
scaffold_1185      4           0.00                0.00              2.01          0.01                  80.9
scaffold_1187      3           0.00                0.00              2.00          0.00                  81.7
scaffold_1189      3           0.00                0.00              2.00          0.00                  72.0
 scaffold_119     14           0.01                0.00              2.04          0.05                  83.0
scaffold_1191      4           0.00                0.00              2.00          0.00                  54.8
scaffold_1196      5           0.00                0.00              2.00          0.00                  89.5
 scaffold_120     10           0.02                0.00              2.05          0.06                  67.0
 scaffold_121     15           0.02                0.00              2.09          0.09                  91.2
scaffold_1217      4           0.00                0.00              2.00          0.00                  48.6
scaffold_1219     13           0.00                0.00              2.00          0.00                  95.1
scaffold_1229      3           0.00                0.00              2.00          0.00                  49.9
 scaffold_123    107           0.01                0.00              2.05          0.06                  69.1
scaffold_1231      4           0.00                0.00              2.00          0.01                  38.8
scaffold_1233     11           0.00                0.00              2.00          0.00                  54.5
scaffold_1239      3           0.00                0.00              2.00          0.00                  74.3
scaffold_1241     39           0.00                0.00              2.00          0.00                  63.7
scaffold_1243      3           0.00                0.00              2.00          0.00                  56.2
scaffold_1249      3           0.00                0.00              2.00          0.00                  89.7
scaffold_1258      5           0.00                0.00              2.01          0.01                  83.3
 scaffold_126      7           0.02                0.00              2.05          0.06                  69.2
scaffold_1260      3           0.00                0.00              2.01          0.01                  82.9
scaffold_1267      4           0.00                0.00              2.00          0.00                  64.0
 scaffold_127     13           0.05                0.00              2.14          0.15                  80.2
scaffold_1271      6           0.00                0.00              2.00          0.00                  43.4
scaffold_1274      4           0.00                0.00              2.01          0.01                  77.2
scaffold_1277      4           0.00                0.00              2.00          0.01                  63.7
 scaffold_128     39           0.02                0.00              2.02          0.06                  21.7
scaffold_1280      3           0.00                0.00              2.00          0.00                  81.5
scaffold_1282      3           0.00                0.00              2.00          0.01                  63.6
scaffold_1287      3           0.00                0.00              2.00          0.00                  88.5
scaffold_1288      4           0.00                0.00              2.01          0.01                  82.5
scaffold_1303      5           0.00                0.00              2.01          0.01                  84.1
scaffold_1307      3           0.00                0.00              2.00          0.00                  46.9
 scaffold_131     20           0.07                0.00              2.20          0.20                  83.8
scaffold_1312      4           0.00                0.00              2.00          0.00                  84.0
scaffold_1313      3           0.00                0.00              2.01          0.01                  77.5
scaffold_1317     15           0.00                0.00              2.00          0.00                  67.7
scaffold_1318      3           0.00                0.00              2.00          0.00                  51.4
scaffold_1321      5           0.00                0.00              2.00          0.00                  79.2
scaffold_1322      3           0.00                0.00              2.00          0.00                  87.7
scaffold_1323      3           0.00                0.00              2.00          0.01                  50.6
scaffold_1326      4           0.00                0.00              2.00          0.00                  83.1
scaffold_1327     12           0.00                0.00              2.00          0.00                  83.5
scaffold_1328      4           0.00                0.00              2.00          0.01                  35.9
 scaffold_133     30           0.01                0.00              2.06          0.08                  69.5
scaffold_1336      3           0.00                0.00              2.00          0.00                  49.9
scaffold_1338      3           0.00                0.00              2.00          0.00                  55.2
 scaffold_134      8           0.01                0.00              2.02          0.03                  56.6
scaffold_1345      3           0.00                0.00              2.00          0.00                  51.7
 scaffold_135     14           0.01                0.00              2.02          0.06                  23.0
scaffold_1353      3           0.00                0.00              2.00          0.00                  83.1
scaffold_1354      3           0.00                0.00              2.00          0.00                  77.6
 scaffold_136      9           0.02                0.00              2.06          0.08                  67.9
scaffold_1363      3           0.00                0.00              2.00          0.00                  49.3
scaffold_1368      3           0.00                0.00              2.00          0.00                  61.7
scaffold_1369      3           0.00                0.00              2.00          0.00                  81.2
 scaffold_137     45           0.01                0.00              2.03          0.03                  66.8
scaffold_1370      4           0.00                0.00              2.01          0.01                  87.3
scaffold_1377      3           0.00                0.00              2.00          0.00                  83.5
 scaffold_138     20           0.01                0.00              2.03          0.04                  68.0
scaffold_1381      4           0.00                0.00              2.01          0.01                  79.1
scaffold_1384      3           0.00                0.00              2.00          0.00                  84.0
scaffold_1385      3           0.00                0.00              2.00          0.00                  64.7
 scaffold_139     70           0.02                0.00              2.07          0.07                  87.6
scaffold_1390      4           0.00                0.00              2.01          0.01                  87.5
scaffold_1394      7           0.00                0.00              2.00          0.00                  73.7
scaffold_1398      3           0.00                0.00              2.00          0.00                  61.0
 scaffold_140      3           0.03                0.00              2.03          0.04                  41.7
scaffold_1400      3           0.00                0.00              2.01          0.01                  56.2
scaffold_1401      3           0.00                0.00              2.00          0.00                  82.8
scaffold_1402     66           0.00                0.00              2.00          0.00                  38.9
scaffold_1404      3           0.00                0.00              2.00          0.00                  67.4
scaffold_1408      3           0.00                0.00              2.00          0.00                  59.7
scaffold_1410      4           0.00                0.00              2.00          0.00                  85.2
scaffold_1414      3           0.00                0.00              2.00          0.00                  59.0
 scaffold_142      3           0.01                0.00              2.03          0.03                  79.7
scaffold_1424      3           0.00                0.00              2.00          0.00                  80.7
 scaffold_143     20           0.01                0.00              2.03          0.06                  39.9
scaffold_1437      3           0.00                0.00              2.00          0.00                  51.2
scaffold_1442      4           0.00                0.00              2.00          0.01                  45.3
scaffold_1444      3           0.00                0.00              2.01          0.01                  84.0
scaffold_1448      4           0.00                0.00              2.01          0.01                  82.7
scaffold_1449      3           0.00                0.00              2.00          0.00                  51.6
 scaffold_145      7           0.01                0.00              2.03          0.03                  83.3
scaffold_1452      3           0.00                0.00              2.00          0.00                  59.6
scaffold_1463      3           0.00                0.00              2.00          0.00                  76.4
scaffold_1466      4           0.00                0.00              2.00          0.00                  82.5
 scaffold_147     16           0.01                0.00              2.05          0.06                  73.0
scaffold_1477      4           0.00                0.00              2.00          0.00                  86.1
 scaffold_149      3           0.01                0.00              2.04          0.04                  89.6
scaffold_1490      3           0.00                0.00              2.00          0.00                  83.3
scaffold_1492      3           0.00                0.00              2.00          0.00                  58.0
scaffold_1493      3           0.00                0.00              2.00          0.00                  78.8
scaffold_1494      4           0.00                0.00              2.00          0.00                  42.3
scaffold_1496      3           0.00                0.00              2.01          0.01                  79.9
scaffold_1498      4           0.00                0.00              2.01          0.01                  58.0
 scaffold_150     21           0.02                0.00              2.03          0.10                  22.3
scaffold_1500      3           0.00                0.00              2.00          0.00                  57.0
scaffold_1504      3           0.00                0.00              2.00          0.01                  50.2
scaffold_1506      4           0.00                0.00              2.00          0.00                  84.6
 scaffold_151     10           0.01                0.00              2.02          0.05                  28.4
scaffold_1510      3           0.00                0.00              2.00          0.01                  46.1
scaffold_1512      4           0.00                0.00              2.00          0.00                  85.1
scaffold_1516      3           0.00                0.00              2.00          0.00                  73.1
 scaffold_152     10           0.01                0.00              2.02          0.03                  68.8
scaffold_1522      3           0.00                0.00              2.00          0.00                  50.2
scaffold_1535      4           0.02                0.00              2.02          0.02                  53.1
scaffold_1540      3           0.00                0.00              2.00          0.00                  80.8
scaffold_1550      4           0.02                0.00              2.04          0.05                  70.8
scaffold_1554      3           0.00                0.00              2.00          0.00                  69.9
scaffold_1557      3           0.00                0.00              2.00          0.00                  66.8
scaffold_1560     11           0.00                0.00              2.00          0.00                  50.9
scaffold_1566      4           0.00                0.00              2.01          0.01                  84.7
 scaffold_157     10           0.00                0.00              2.02          0.02                  89.9
scaffold_1577      4           0.00                0.00              2.00          0.01                  36.1
scaffold_1584      3           0.00                0.00              2.00          0.00                  82.3
 scaffold_159      7           0.02                0.00              2.04          0.06                  48.5
scaffold_1598      3           0.00                0.00              2.00          0.00                  50.8
 scaffold_160      8           0.01                0.00              2.03          0.05                  42.0
scaffold_1609      3           0.00                0.00              2.00          0.00                  81.5
scaffold_1611      6           0.00                0.00              2.00          0.00                  82.2
scaffold_1629      3           0.00                0.00              2.00          0.00                  56.5
 scaffold_163      4           0.01                0.00              2.01          0.02                  58.9
scaffold_1631      3           0.00                0.00              2.00          0.00                  48.9
scaffold_1632      3           0.00                0.00              2.00          0.00                  83.0
scaffold_1635      3           0.00                0.00              2.00          0.00                  83.8
scaffold_1637      3           0.00                0.00              2.00          0.00                  55.1
 scaffold_164     68           0.00                0.00              2.00          0.02                  14.3
scaffold_1640      3           0.00                0.00              2.00          0.00                  84.0
scaffold_1642      3           0.00                0.00              2.01          0.01                  79.9
scaffold_1644      3           0.00                0.00              2.00          0.00                  70.4
 scaffold_165     13           0.01                0.00              2.01          0.02                  36.2
scaffold_1650      3           0.01                0.00              2.02          0.02                  52.4
scaffold_1655      3           0.00                0.00              2.00          0.00                  58.4
scaffold_1659      4           0.00                0.00              2.00          0.00                  80.2
 scaffold_168     18           0.01                0.00              2.01          0.02                  32.9
 scaffold_169     10           0.01                0.00              2.04          0.05                  75.3
scaffold_1690      3           0.00                0.00              2.01          0.01                  81.8
scaffold_1705      3           0.00                0.00              2.01          0.01                  81.0
scaffold_1713      3           0.00                0.00              2.00          0.00                  72.2
scaffold_1714      3           0.00                0.00              2.00          0.00                  57.4
scaffold_1718     11           0.00                0.00              2.00          0.00                  70.0
scaffold_1721      3           0.00                0.00              2.00          0.00                  54.8
scaffold_1729     11           0.00                0.00              2.00          0.00                  55.3
 scaffold_173      6           0.02                0.00              2.02          0.05                  21.9
scaffold_1742     14           0.00                0.00              2.00          0.00                  52.7
scaffold_1745      6           0.00                0.00              2.00          0.00                  66.8
 scaffold_175      5           0.00                0.00              2.02          0.02                  76.9
scaffold_1751      3           0.00                0.00              2.00          0.00                  60.2
scaffold_1753      3           0.00                0.00              2.00          0.00                  82.2
scaffold_1759      3           0.00                0.00              2.00          0.00                  82.5
 scaffold_176      4           0.01                0.00              2.01          0.02                  28.7
scaffold_1766      3           0.00                0.00              2.00          0.00                  61.8
scaffold_1767      3           0.00                0.00              2.00          0.00                  84.7
scaffold_1768      3           0.00                0.00              2.00          0.00                  55.0
scaffold_1774      3           0.00                0.00              2.00          0.00                  59.2
scaffold_1775      3           0.00                0.00              2.00          0.00                  82.4
scaffold_1776      3           0.00                0.00              2.00          0.00                  59.0
scaffold_1777     11           0.00                0.00              2.00          0.00                  81.2
scaffold_1779      3           0.00                0.00              2.00          0.00                  60.1
scaffold_1780      3           0.00                0.00              2.00          0.00                  74.4
scaffold_1786      3           0.00                0.00              2.00          0.00                  82.6
 scaffold_179      4           0.01                0.00              2.01          0.02                  50.9
scaffold_1793     20           0.00                0.00              2.00          0.00                  64.9
scaffold_1802      3           0.00                0.00              2.00          0.00                  82.0
scaffold_1805      3           0.00                0.00              2.00          0.00                  84.9
 scaffold_181      3           0.01                0.00              2.02          0.03                  58.6
scaffold_1810      3           0.00                0.00              2.00          0.00                  57.4
scaffold_1823      5           0.00                0.00              2.00          0.00                  63.6
scaffold_1825      3           0.00                0.00              2.00          0.00                  51.6
scaffold_1850      3           0.00                0.00              2.00          0.01                  48.3
scaffold_1854      3           0.00                0.00              2.00          0.00                  85.4
 scaffold_186     16           0.01                0.00              2.02          0.02                  70.0
scaffold_1860      3           0.00                0.00              2.01          0.01                  82.8
scaffold_1863      3           0.00                0.00              2.00          0.00                  50.8
 scaffold_187      5           0.01                0.00              2.02          0.02                  77.1
scaffold_1874      3           0.00                0.00              2.00          0.00                  60.0
scaffold_1875      3           0.00                0.00              2.00          0.00                  55.4
scaffold_1890      3           0.00                0.00              2.00          0.00                  61.1
scaffold_1896      3           0.00                0.00              2.00          0.00                  80.8
scaffold_1909      3           0.00                0.00              2.01          0.01                  77.6
 scaffold_191     59           0.00                0.00              2.01          0.02                  47.3
 scaffold_192     14           0.01                0.00              2.02          0.05                  31.2
 scaffold_193      9           0.01                0.00              2.02          0.05                  34.9
 scaffold_195     43           0.01                0.00              2.02          0.05                  20.2
scaffold_1967     19           0.00                0.00              2.00          0.00                  86.6
 scaffold_197     55           0.00                0.00              2.01          0.02                  78.5
scaffold_1977      3           0.00                0.00              2.01          0.01                  78.6
 scaffold_198     15           0.01                0.00              2.02          0.05                  26.2
scaffold_1990     14           0.00                0.00              2.00          0.00                  43.2
 scaffold_205      9           0.01                0.00              2.01          0.01                  71.8
 scaffold_207      8           0.01                0.00              2.04          0.04                  83.1
 scaffold_208     11           0.01                0.00              2.01          0.01                  48.6
scaffold_2080     14           0.00                0.00              2.00          0.00                  32.7
 scaffold_209     12           0.01                0.00              2.02          0.04                  38.4
  scaffold_21   3013           0.18                0.00              3.98          3.55                  53.3
 scaffold_211     21           0.01                0.00              2.04          0.04                  76.8
 scaffold_212     19           0.00                0.00              2.01          0.01                  45.7
scaffold_2140      9           0.00                0.00              2.00          0.00                  35.4
 scaffold_216     18           0.00                0.00              2.00          0.01                  28.2
 scaffold_217     25           0.00                0.00              2.01          0.02                  67.7
  scaffold_22    266           0.15                0.00              2.49          1.22                  34.2
 scaffold_223     15           0.00                0.00              2.01          0.02                  62.3
 scaffold_229     17           0.00                0.00              2.01          0.02                  63.4
  scaffold_23    811           0.11                0.00              2.23          0.81                  21.2
 scaffold_233      9           0.01                0.00              2.04          0.04                  71.9
 scaffold_236      5           0.00                0.00              2.01          0.01                  54.4
 scaffold_237      5           0.00                0.00              2.01          0.01                  30.8
  scaffold_24     36           0.23                0.00              2.37          0.73                  34.5
 scaffold_245     13           0.01                0.00              2.06          0.06                  89.9
  scaffold_25    140           0.09                0.00              2.65          0.69                  87.4
 scaffold_254     13           0.00                0.00              2.01          0.01                  89.4
 scaffold_256      3           0.00                0.00              2.01          0.01                  87.4
  scaffold_26     93           0.05                0.00              2.52          0.72                  69.6
 scaffold_263     11           0.00                0.00              2.01          0.01                  56.3
 scaffold_265     32           0.00                0.00              2.01          0.01                  67.2
  scaffold_27    263           0.04                0.00              2.17          0.42                  37.2
 scaffold_271     30           0.00                0.00              2.01          0.01                  64.3
 scaffold_273      7           0.01                0.00              2.01          0.02                  32.5
 scaffold_274      7           0.02                0.00              2.04          0.05                  77.9
 scaffold_276      6           0.01                0.00              2.02          0.02                  83.6
 scaffold_279     13           0.01                0.00              2.02          0.07                  22.1
  scaffold_28    926           0.03                0.00              2.17          0.35                  45.2
 scaffold_283      9           0.01                0.00              2.04          0.04                  81.3
 scaffold_294      3           0.00                0.00              2.01          0.01                  69.6
 scaffold_296      6           0.01                0.00              2.01          0.01                  76.3
 scaffold_298      5           0.02                0.00              2.04          0.05                  73.8
  scaffold_30     44           0.04                0.00              2.18          0.37                  43.4
 scaffold_301      3           0.01                0.00              2.01          0.01                  41.8
 scaffold_302      6           0.00                0.00              2.01          0.01                  83.2
 scaffold_304      4           0.01                0.00              2.02          0.02                  77.5
 scaffold_308      6           0.01                0.00              2.04          0.04                  76.8
 scaffold_309      4           0.00                0.00              2.01          0.01                  88.6
  scaffold_31    136           0.05                0.00              2.05          0.31                   8.8
 scaffold_311     16           0.00                0.00              2.01          0.01                  56.1
 scaffold_315      3           0.00                0.00              2.01          0.01                  70.0
 scaffold_317     12           0.00                0.00              2.00          0.02                  11.6
  scaffold_32   1066           0.02                0.00              2.03          0.26                   6.7
  scaffold_33     49           0.04                0.00              2.05          0.36                   8.9
 scaffold_330     26           0.01                0.00              2.03          0.05                  61.5
 scaffold_336      8           0.01                0.00              2.01          0.02                  40.4
 scaffold_337      5           0.00                0.00              2.01          0.01                  42.4
  scaffold_34     63           0.03                0.00              2.09          0.30                  26.4
 scaffold_340      3           0.01                0.00              2.01          0.01                  77.5
 scaffold_344    126           0.00                0.00              2.01          0.01                  35.9
 scaffold_345     14           0.00                0.00              2.01          0.01                  73.1
 scaffold_349     34           0.00                0.00              2.01          0.01                  69.4
  scaffold_35     89           0.02                0.00              2.31          0.41                  72.1
 scaffold_353      9           0.00                0.00              2.01          0.01                  75.7
  scaffold_36     65           0.02                0.00              2.30          0.35                  83.3
 scaffold_361     15           0.00                0.00              2.01          0.01                  76.6
  scaffold_37     31           0.05                0.00              2.28          0.30                  84.0
 scaffold_374      6           0.01                0.00              2.01          0.01                  31.3
 scaffold_375      3           0.00                0.00              2.01          0.01                  49.2
 scaffold_376     22           0.00                0.00              2.01          0.01                  78.1
  scaffold_38     53           0.02                0.00              2.18          0.28                  58.8
 scaffold_380      5           0.00                0.00              2.01          0.01                  83.7
 scaffold_383      9           0.00                0.00              2.01          0.01                  95.9
 scaffold_387     10           0.01                0.00              2.02          0.04                  38.9
  scaffold_39     75           0.02                0.00              2.20          0.28                  66.4
 scaffold_398      3           0.00                0.00              2.01          0.01                  75.7
  scaffold_40     94           0.03                0.00              2.25          0.26                  90.0
 scaffold_400      5           0.02                0.00              2.02          0.04                  25.9
 scaffold_409      9           0.00                0.00              2.01          0.01                  78.2
  scaffold_41     41           0.02                0.00              2.11          0.25                  40.1
 scaffold_411     11           0.00                0.00              2.01          0.01                  34.3
 scaffold_412     13           0.00                0.00              2.01          0.01                  60.2
 scaffold_426      6           0.00                0.00              2.01          0.01                  88.7
 scaffold_427      4           0.00                0.00              2.01          0.01                  43.6
  scaffold_43     53           0.03                0.00              2.16          0.31                  45.9
 scaffold_436      3           0.00                0.00              2.01          0.01                  64.4
  scaffold_44    390           0.03                0.00              2.15          0.17                  79.1
 scaffold_442     44           0.00                0.00              2.01          0.01                  63.8
 scaffold_450      9           0.01                0.00              2.02          0.04                  29.2
 scaffold_456      4           0.00                0.00              2.01          0.01                  34.9
  scaffold_47     54           0.03                0.00              2.18          0.28                  61.0
 scaffold_471     27           0.00                0.00              2.01          0.01                  64.5
 scaffold_479      6           0.01                0.00              2.01          0.01                  34.1
  scaffold_48     34           0.03                0.00              2.20          0.33                  55.6
 scaffold_483      5           0.00                0.00              2.01          0.01                  46.3
 scaffold_484     11           0.00                0.00              2.01          0.01                  75.0
 scaffold_485     10           0.00                0.00              2.01          0.02                  39.2
 scaffold_488     20           0.00                0.00              2.01          0.01                  64.8
  scaffold_49     41           0.02                0.00              2.10          0.24                  37.9
 scaffold_492      3           0.00                0.00              2.01          0.01                  71.0
  scaffold_50     27           0.02                0.00              2.08          0.19                  38.3
  scaffold_51     49           0.03                0.00              2.13          0.20                  56.8
 scaffold_521      5           0.00                0.00              2.00          0.00                  75.6
 scaffold_522      5           0.00                0.00              2.01          0.01                  86.4
 scaffold_529      8           0.00                0.00              2.01          0.02                  31.3
 scaffold_530      7           0.00                0.00              2.01          0.01                  79.4
  scaffold_54     19           0.04                0.00              2.16          0.17                  83.9
 scaffold_542      4           0.00                0.00              2.01          0.01                  87.4
  scaffold_55     35           0.03                0.00              2.16          0.18                  81.9
 scaffold_555      3           0.00                0.00              2.01          0.01                  89.0
 scaffold_557      8           0.00                0.00              2.01          0.01                  81.4
  scaffold_56     44           0.01                0.00              2.07          0.18                  36.6
  scaffold_57     16           0.03                0.00              2.11          0.14                  67.6
 scaffold_577      4           0.00                0.00              2.01          0.01                  34.2
 scaffold_578      5           0.02                0.00              2.02          0.02                  58.6
  scaffold_58     31           0.05                0.00              2.15          0.20                  64.1
 scaffold_581     36           0.00                0.00              2.00          0.01                  70.1
 scaffold_587     24           0.00                0.00              2.01          0.01                  73.2
 scaffold_589      4           0.00                0.00              2.00          0.01                  51.8
  scaffold_59     32           0.02                0.00              2.12          0.19                  62.1
 scaffold_593      3           0.00                0.00              2.00          0.01                  64.0
 scaffold_599      7           0.00                0.00              2.00          0.01                  43.3
  scaffold_60     21           0.03                0.00              2.14          0.17                  75.1
 scaffold_600      3           0.00                0.00              2.01          0.01                  82.1
 scaffold_605      3           0.00                0.00              2.00          0.01                  55.9
 scaffold_608     23           0.00                0.00              2.01          0.01                  68.8
 scaffold_614     15           0.00                0.00              2.01          0.01                  85.2
  scaffold_62     37           0.03                0.00              2.04          0.17                  16.3
 scaffold_620      4           0.00                0.00              2.01          0.01                  83.1
 scaffold_621      3           0.00                0.00              2.00          0.01                  41.6
 scaffold_623      5           0.00                0.00              2.00          0.00                  64.8
 scaffold_627      5           0.00                0.00              2.01          0.01                  78.8
  scaffold_63     10           0.03                0.00              2.06          0.13                  35.9
 scaffold_630      3           0.00                0.00              2.01          0.01                  77.7
 scaffold_632      7           0.00                0.00              2.00          0.01                  19.6
 scaffold_633      9           0.00                0.00              2.00          0.00                  68.7
 scaffold_635      3           0.00                0.00              2.01          0.01                  71.1
 scaffold_636     15           0.00                0.00              2.00          0.01                  30.3
 scaffold_638      5           0.00                0.00              2.01          0.01                  85.1
  scaffold_64     22           0.02                0.00              2.17          0.17                  93.4
  scaffold_65     35           0.02                0.00              2.12          0.12                  90.9
 scaffold_656      7           0.00                0.00              2.00          0.01                  33.5
  scaffold_66     43           0.02                0.00              2.09          0.21                  36.3
 scaffold_660     11           0.00                0.00              2.00          0.01                  39.8
 scaffold_667      4           0.00                0.00              2.01          0.01                  83.4
 scaffold_672      3           0.00                0.00              2.01          0.01                  70.9
 scaffold_675     19           0.00                0.00              2.01          0.01                  82.1
  scaffold_68     25           0.02                0.00              2.06          0.15                  32.4
 scaffold_680      6           0.00                0.00              2.01          0.01                  71.8
 scaffold_681     11           0.00                0.00              2.00          0.00                  86.3
 scaffold_686      6           0.00                0.00              2.00          0.01                  31.2
 scaffold_691     18           0.00                0.00              2.01          0.01                  79.3
 scaffold_700      6           0.00                0.00              2.01          0.01                  64.5
 scaffold_711     23           0.00                0.00              2.01          0.01                  77.7
 scaffold_712      4           0.00                0.00              2.00          0.01                  49.2
 scaffold_713      7           0.00                0.00              2.01          0.01                  76.9
 scaffold_718      4           0.00                0.00              2.00          0.01                  43.3
 scaffold_719      3           0.00                0.00              2.01          0.01                  86.1
  scaffold_72     19           0.01                0.00              2.09          0.09                  93.0
 scaffold_720      5           0.00                0.00              2.01          0.01                  40.5
 scaffold_722      8           0.00                0.00              2.00          0.01                  27.7
  scaffold_73     28           0.03                0.00              2.09          0.09                  82.0
 scaffold_730      5           0.00                0.00              2.01          0.01                  85.8
 scaffold_733      3           0.00                0.00              2.00          0.01                  36.2
 scaffold_734      4           0.00                0.00              2.01          0.01                  73.1
 scaffold_737      3           0.00                0.00              2.01          0.01                  81.0
  scaffold_74     23           0.03                0.00              2.04          0.05                  53.5
 scaffold_740      5           0.00                0.00              2.01          0.01                  83.2
 scaffold_743      4           0.00                0.00              2.01          0.01                  79.7
 scaffold_744      9           0.00                0.00              2.00          0.00                  86.3
  scaffold_75     21           0.03                0.00              2.08          0.08                  83.5
 scaffold_751      5           0.00                0.00              2.01          0.01                  41.2
 scaffold_758      4           0.00                0.00              2.00          0.01                  37.1
  scaffold_76     26           0.02                0.00              2.07          0.09                  64.8
 scaffold_760      6           0.00                0.00              2.01          0.01                  73.4
 scaffold_767      3           0.00                0.00              2.01          0.01                  87.2
 scaffold_768      3           0.00                0.00              2.01          0.01                  79.6
  scaffold_77     12           0.02                0.00              2.02          0.10                  13.3
 scaffold_771      5           0.00                0.00              2.00          0.01                  34.3
  scaffold_78     40           0.04                0.00              2.07          0.08                  73.2
 scaffold_786      5           0.00                0.00              2.01          0.01                  89.3
  scaffold_79      8           0.02                0.00              2.06          0.07                  77.7
 scaffold_791      4           0.00                0.00              2.00          0.01                  47.5
 scaffold_792      4           0.00                0.00              2.01          0.01                  81.5
 scaffold_796      3           0.00                0.00              2.00          0.00                  66.3
 scaffold_797      4           0.00                0.00              2.01          0.01                  84.8
 scaffold_798      5           0.00                0.00              2.00          0.01                  46.2
  scaffold_80     14           0.03                0.00              2.08          0.11                  62.2
 scaffold_801      3           0.00                0.00              2.01          0.01                  81.8
 scaffold_805      3           0.00                0.00              2.01          0.01                  88.9
 scaffold_810      3           0.00                0.00              2.00          0.00                  59.4
 scaffold_812      4           0.00                0.00              2.00          0.00                  41.3
 scaffold_821     17           0.00                0.00              2.00          0.00                  23.7
 scaffold_824      5           0.00                0.00              2.00          0.01                  54.5
  scaffold_83     31           0.01                0.00              2.07          0.09                  72.4
 scaffold_840      4           0.00                0.00              2.01          0.01                  79.6
 scaffold_843     11           0.00                0.00              2.00          0.00                  72.3
 scaffold_846      8           0.00                0.00              2.01          0.01                  71.0
  scaffold_85     18           0.02                0.00              2.04          0.14                  26.1
 scaffold_852      8           0.00                0.00              2.00          0.00                  64.0
  scaffold_86     33           0.03                0.00              2.05          0.16                  24.2
 scaffold_862      3           0.00                0.00              2.00          0.00                  60.1
 scaffold_863      3           0.00                0.00              2.00          0.00                  72.7
  scaffold_87     13           0.02                0.00              2.07          0.08                  77.0
 scaffold_877      3           0.00                0.00              2.00          0.00                  61.2
 scaffold_878      4           0.00                0.00              2.00          0.01                  44.0
  scaffold_88     14           0.02                0.00              2.02          0.06                  22.3
 scaffold_887      4           0.00                0.00              2.00          0.01                  53.8
 scaffold_888      3           0.00                0.00              2.00          0.00                  85.8
 scaffold_889      4           0.00                0.00              2.01          0.01                  72.2
 scaffold_892      3           0.00                0.00              2.00          0.00                  51.0
 scaffold_895      3           0.00                0.00              2.00          0.00                  51.0
 scaffold_896      9           0.00                0.00              2.00          0.00                  86.4
 scaffold_897      3           0.00                0.00              2.01          0.01                  80.6
 scaffold_902      3           0.00                0.00              2.00          0.00                  84.3
 scaffold_905      4           0.00                0.00              2.00          0.01                  39.6
  scaffold_91     31           0.02                0.00              2.03          0.06                  39.8
 scaffold_910      4           0.02                0.00              2.04          0.04                  75.1
 scaffold_915      3           0.00                0.00              2.00          0.00                  88.0
  scaffold_92     21           0.02                0.00              2.13          0.13                  92.6
 scaffold_920      4           0.00                0.00              2.01          0.01                  88.1
 scaffold_926      3           0.00                0.00              2.00          0.00                  51.1
  scaffold_93     85           0.01                0.00              2.03          0.06                  33.7
 scaffold_934      4           0.00                0.00              2.01          0.01                  80.4
 scaffold_938      3           0.00                0.00              2.00          0.00                  84.8
 scaffold_939      3           0.00                0.00              2.00          0.00                  67.5
  scaffold_94      7           0.01                0.00              2.05          0.06                  64.6
 scaffold_943      5           0.00                0.00              2.00          0.01                  37.9
  scaffold_95     11           0.02                0.00              2.07          0.09                  70.6
 scaffold_957      3           0.00                0.00              2.00          0.00                  50.6
 scaffold_960      3           0.00                0.00              2.00          0.00                  72.1
 scaffold_962      3           0.00                0.00              2.00          0.00                  80.6
 scaffold_963      3           0.00                0.00              2.00          0.01                  55.8
 scaffold_964      3           0.00                0.00              2.00          0.00                  83.7
 scaffold_965      3           0.00                0.00              2.00          0.00                  82.6
 scaffold_966      3           0.00                0.00              2.00          0.00                  43.3
  scaffold_97     33           0.02                0.00              2.03          0.06                  35.0
 scaffold_981      5           0.00                0.00              2.01          0.01                  82.2
 scaffold_982      3           0.00                0.00              2.00          0.00                  79.4
  scaffold_99     44           0.01                0.00              2.01          0.07                  10.6
 scaffold_997      3           0.00                0.00              2.00          0.00                  79.0

====================================================================================================

Notes:
  - Centromere position should coincide with the largest gap in gene distribution
  - Buffer extends predictions by specified amount on both sides
  - Verify with known centromere positions for your organism if available
  - These are rough estimates; actual centromeres may vary
